% Column 0: Length, mm
% Column 1: |B|, Tesla
0.00000000e+000	1.70405928e-002	
1.01265823e+000	1.70446811e-002	
2.02531646e+000	1.70553833e-002	
3.03797468e+000	1.70786769e-002	
4.05063291e+000	1.71064023e-002	
5.06329114e+000	1.71494147e-002	
6.07594937e+000	1.71967842e-002	
7.08860759e+000	1.72466827e-002	
8.10126582e+000	1.73017608e-002	
9.11392405e+000	1.73834210e-002	
1.01265823e+001	1.74643359e-002	
1.11392405e+001	1.75398967e-002	
1.21518987e+001	1.76755943e-002	
1.31645570e+001	1.78114043e-002	
1.41772152e+001	1.79473240e-002	
1.51898734e+001	1.81173794e-002	
1.62025316e+001	1.82761603e-002	
1.72151899e+001	1.84349469e-002	
1.82278481e+001	1.86020273e-002	
1.92405063e+001	1.87944311e-002	
2.02531646e+001	1.89625762e-002	
2.12658228e+001	1.91292316e-002	
2.22784810e+001	1.92960457e-002	
2.32911392e+001	1.94610846e-002	
2.43037975e+001	1.97080918e-002	
2.53164557e+001	1.99573489e-002	
2.63291139e+001	2.02068261e-002	
2.73417722e+001	2.04745769e-002	
2.83544304e+001	2.07083908e-002	
2.93670886e+001	2.09354966e-002	
3.03797468e+001	2.11634468e-002	
3.13924051e+001	2.14347671e-002	
3.24050633e+001	2.17388327e-002	
3.34177215e+001	2.20708000e-002	
3.44303797e+001	2.24200718e-002	
3.54430380e+001	2.27651657e-002	
3.64556962e+001	2.31109778e-002	
3.74683544e+001	2.34466894e-002	
3.84810127e+001	2.38601379e-002	
3.94936709e+001	2.42966227e-002	
4.05063291e+001	2.47334192e-002	
4.15189873e+001	2.51639880e-002	
4.25316456e+001	2.55666522e-002	
4.35443038e+001	2.59702743e-002	
4.45569620e+001	2.63451192e-002	
4.55696203e+001	2.67030534e-002	
4.65822785e+001	2.70685931e-002	
4.75949367e+001	2.74779536e-002	
4.86075949e+001	2.78872899e-002	
4.96202532e+001	2.82956199e-002	
5.06329114e+001	2.86929501e-002	
5.16455696e+001	2.90680070e-002	
5.26582278e+001	2.94570894e-002	
5.36708861e+001	2.99182910e-002	
5.46835443e+001	3.04230113e-002	
5.56962025e+001	3.09463205e-002	
5.67088608e+001	3.14622116e-002	
5.77215190e+001	3.19572960e-002	
5.87341772e+001	3.24026436e-002	
5.97468354e+001	3.28305280e-002	
6.07594937e+001	3.32597529e-002	
6.17721519e+001	3.36976011e-002	
6.27848101e+001	3.41582224e-002	
6.37974684e+001	3.46644046e-002	
6.48101266e+001	3.51943978e-002	
6.58227848e+001	3.57517567e-002	
6.68354430e+001	3.62457713e-002	
6.78481013e+001	3.67464196e-002	
6.88607595e+001	3.72719955e-002	
6.98734177e+001	3.78028742e-002	
7.08860759e+001	3.83704609e-002	
7.18987342e+001	3.89374592e-002	
7.29113924e+001	3.94921717e-002	
7.39240506e+001	4.00466056e-002	
7.49367089e+001	4.04751678e-002	
7.59493671e+001	4.06458576e-002	
7.69620253e+001	4.08198945e-002	
7.79746835e+001	4.09972357e-002	
7.89873418e+001	4.08160965e-002	
8.00000000e+001	4.06288527e-002	
8.10126582e+001	4.04448225e-002	
8.20253165e+001	4.01430585e-002	
8.30379747e+001	3.96367192e-002	
8.40506329e+001	3.91297350e-002	
8.50632911e+001	3.85741451e-002	
8.60759494e+001	3.80399991e-002	
8.70886076e+001	3.75411487e-002	
8.81012658e+001	3.70993194e-002	
8.91139241e+001	3.67187263e-002	
9.01265823e+001	3.63214167e-002	
9.11392405e+001	3.59237189e-002	
9.21518987e+001	3.55325880e-002	
9.31645570e+001	3.51454331e-002	
9.41772152e+001	3.47536882e-002	
9.51898734e+001	3.43706985e-002	
9.62025316e+001	3.39956236e-002	
9.72151899e+001	3.36301911e-002	
9.82278481e+001	3.33191528e-002	
9.92405063e+001	3.29859712e-002	
1.00253165e+002	3.26403725e-002	
1.01265823e+002	3.23134680e-002	
1.02278481e+002	3.20082682e-002	
1.03291139e+002	3.16930524e-002	
1.04303797e+002	3.14110680e-002	
1.05316456e+002	3.11693100e-002	
1.06329114e+002	3.09318617e-002	
1.07341772e+002	3.06755049e-002	
1.08354430e+002	3.04227370e-002	
1.09367089e+002	3.01695755e-002	
1.10379747e+002	2.99372252e-002	
1.11392405e+002	2.97236942e-002	
1.12405063e+002	2.95147792e-002	
1.13417722e+002	2.93162215e-002	
1.14430380e+002	2.91328672e-002	
1.15443038e+002	2.89557737e-002	
1.16455696e+002	2.87750469e-002	
1.17468354e+002	2.86213643e-002	
1.18481013e+002	2.84805152e-002	
1.19493671e+002	2.83448636e-002	
1.20506329e+002	2.82144843e-002	
1.21518987e+002	2.80131569e-002	
1.22531646e+002	2.77915806e-002	
1.23544304e+002	2.75922422e-002	
1.24556962e+002	2.74312543e-002	
1.25569620e+002	2.73250351e-002	
1.26582278e+002	2.72719946e-002	
1.27594937e+002	2.71732813e-002	
1.28607595e+002	2.70589113e-002	
1.29620253e+002	2.69590537e-002	
1.30632911e+002	2.68764391e-002	
1.31645570e+002	2.68062119e-002	
1.32658228e+002	2.67342482e-002	
1.33670886e+002	2.66521975e-002	
1.34683544e+002	2.65785362e-002	
1.35696203e+002	2.65338926e-002	
1.36708861e+002	2.64834513e-002	
1.37721519e+002	2.64407736e-002	
1.38734177e+002	2.64152433e-002	
1.39746835e+002	2.62816584e-002	
1.40759494e+002	2.61954307e-002	
1.41772152e+002	2.61159084e-002	
1.42784810e+002	2.60198542e-002	
1.43797468e+002	2.59151501e-002	
1.44810127e+002	2.58794804e-002	
1.45822785e+002	2.58469685e-002	
1.46835443e+002	2.58201115e-002	
1.47848101e+002	2.57989271e-002	
1.48860759e+002	2.57836264e-002	
1.49873418e+002	2.57845126e-002	
1.50886076e+002	2.57999701e-002	
1.51898734e+002	2.58169236e-002	
1.52911392e+002	2.57964202e-002	
1.53924051e+002	2.57817998e-002	
1.54936709e+002	2.57794261e-002	
1.55949367e+002	2.57739383e-002	
1.56962025e+002	2.57756179e-002	
1.57974684e+002	2.57540436e-002	
1.58987342e+002	2.57134340e-002	
1.60000000e+002	0.00000000e+000	
