% Model:              Maglev electromagnet small scale.mph
% Version:            COMSOL 6.2.0.415
% Date:               Mar 10 2025, 13:17
% Dimension:          1
% Nodes:              929
% Expressions:        1
% Description:        Line graph
% Arc length (mm)         Magnetic flux density, y-component
0                         0
0.17648751031392915       -8.093480636937568E-6
0.45813162018777237       -2.1009301964559075E-5
0.6316395105971642        -2.8966141226931883E-5
0.7403652908447838        -3.395215975937523E-5
1.0867915108804096        -4.9838801816926676E-5
1.4807305816896075        -6.790431951875231E-5
1.5419435111636488        -7.07114624069212E-5
1.639628956461272         -7.519118597841144E-5
1.997095511446881         -9.15841229969154E-5
2.2210958725344057        -1.018564792781282E-4
2.4522475117301283        -1.1245678358691028E-4
2.821126292734797         -1.2937306999226498E-4
2.9073995120133675        -1.3332944417690477E-4
2.961461163379215         -1.3580863903750462E-4
3.1969894329687634        -1.4660964974916158E-4
3.3625515122966125        -1.5420210476689954E-4
3.701826454224034         1.3474885728941547E-4
3.8821301443205205        4.3987483952289764E-4
4.3898291430854295        4.4161029023758456E-4
4.8693562494231255        4.4324944190279024E-4
5.077831831946846         4.439620670988733E-4
5.29855521361882          4.447165585424246E-4
5.765834520808246         4.4631384396072676E-4
6.207184798380446         2.4383041527839238E-4
6.570615439894532         7.299698215386912E-5
6.978752356532589         1.1023453745669749E-4
7.584354804003743         -1.7872286654556084E-5
7.829220163728357         -1.8293225000192125E-4
8.254277677639333         -1.5116428551893352E-4
8.65347808298603          -1.2132883058964092E-4
8.967592963309823         -9.785250083389866E-5
9.722601361968318         -4.142465469959582E-5
10.10596576289128         -1.2772751665318271E-5
10.459601387178388        1.3657280940742632E-5
10.791724640950598        3.847952118909479E-5
11.244338562472766        -2.3054586449245586E-4
12.35540529543724         -4.580321911028931E-4
12.572891686521483        -4.4736361889784356E-4
12.708456387424146        -4.26929581230993E-4
13.276620683340113        -3.241718095826077E-4
13.908434067983697        -2.0990251112324132E-4
14.541323367602631        -9.543862348370628E-5
15.110455190464505        7.494134368160166E-6
15.243976449445901        3.164268988137632E-5
15.41118750147555         6.188435628850966E-5
15.806026051865143        1.3329456261548401E-4
16.579518830908086        2.7318789088640516E-4
17.07072873612765         3.62027748712626E-4
17.5124539935048          0.0010213335243818963
17.945812054633002        0.0016445831116499578
18.405221253520537        0.0016910520817575137
18.865564384043388        0.0017376155185013305
19.383362177593742        0.0010679911395801032
19.898868084345235        1.7900049808675827E-4
20.149867115952496        9.76926814797286E-5
20.481225366016602        -9.646441123394345E-6
20.916372054311246        -1.5060645559700355E-4
21.245989311005275        -1.5744230784491816E-4
21.863481747533907        -7.30860678223957E-5
22.120950972423184        -7.95835692815515E-5
22.41540276719727         -8.701436403855E-5
22.946851734517423        -1.0042602689801016E-4
23.235570462674502        -1.0771214180520358E-4
23.54143992019895         -1.1543107305876535E-4
24.030221721500943        9.742574233619587E-7
24.410597936634826        1.2992423458196237E-4
25.27713260121778         1.3040202884682386E-4
25.735650555540737        8.950307981651115E-5
26.53424789347047         2.7271868865827095E-6
26.782494008461974        -1.1455193873539287E-5
27.03857778581929         -2.608534281699835E-5
27.797297924874556        -6.94312695112342E-5
28.065172778609305        -1.2904594454579878E-4
28.20216865547848         -1.9264722969143615E-4
28.449531142791276        -2.2747833726259644E-4
28.848114492384855        -2.8360285184371805E-4
29.068860475642943        -3.146860899374372E-4
29.355670403685064        -9.420290118236586E-5
29.780045839966093        1.3109097808593879E-4
30.348774816574927        8.341494034251354E-5
30.770448664270003        4.806640157378905E-5
31.341879229464787        1.6389209203233923E-7
31.76085148857392         -9.081123501225526E-5
32.1182045226654          -1.256233064541454E-4
32.48521483448445         -1.0401369617635732E-4
33.00455363018971         -7.343496687109105E-5
33.209578180394985        -6.136309726773761E-5
33.35446649746981         -5.2832056136066544E-5
33.93394152630552         -1.8712498358189636E-5
34.197523733081105        -3.1927470566691767E-6
34.65830487221604         2.3938100549765183E-5
34.75392901419164         2.956846126353768E-5
35.3826682181266          1.1978903307091721E-4
35.889403973875           1.4586087504394054E-4
36.5390964302443          1.1107908557858497E-4
37.161771184943525        7.774370972334546E-5
37.19869091587466         7.576718329795515E-5
37.20152856071553         7.561526778090143E-5
37.299322508860456        7.037979293113931E-5
37.32913601624061         6.8783703694199E-5
37.389597283652805        1.2700926689569305E-4
37.47319573147959         1.8997490436896048E-4
38.555940204430264        2.094443770179938E-4
38.955392343268066        2.1662716361750588E-4
38.9693420669383          2.1687800189950122E-4
39.59655482226459         2.281562876718202E-4
39.802070828283284        1.4636481995981954E-4
40.923731501862875        1.3661323541195974E-5
40.93644004132356         1.3126355113332528E-5
41.02695071105133         9.316290956158133E-6
41.311049725633765        -2.6429120392992363E-6
41.707507682021905        -1.9331886433996364E-5
41.81856301514465         -2.4006782172636258E-5
41.8435972032544          -2.5060601165599435E-5
42.82002862298424         -6.616367073270833E-5
43.530180673301956        -9.605765871259028E-5
43.55923826134051         -9.728084350403679E-5
43.61725339281652         -9.97230016900865E-5
44.3290075203347          -1.296844294207142E-4
45.322254847367574        -2.569866213820338E-4
45.356844000683886        -3.4204284032426945E-4
45.39534565995731         -2.2461815553521502E-4
45.72473596114837         -3.958159039631149E-5
45.74333090532038         -3.573738610045731E-5
45.75083111021298         -3.4186839908912034E-5
46.56870951337289         1.3489630666296693E-4
46.91856303967389         1.1983489350984317E-4
47.220463096142375        1.0624416003000934E-4
47.41565337718741         1.2570710064262495E-4
47.60389352302731         1.4447702484125048E-4
47.91274371470093         1.7527329659785136E-4
48.23299716246891         5.79602062162979E-5
48.67947019808155         -8.095135673028618E-5
49.902311119145665        -5.264533562815619E-5
49.934510547879384        -5.18999911655351E-5
50.03205859735736         -4.9641972891247505E-5
51.18955089767721         -2.8898209332194072E-5
51.37758766248181         -3.261375676090129E-5
51.44029897542196         -2.9817772585870715E-5
51.616153690702646        -2.197728929878574E-5
52.17568735195804         2.9695215537538617E-6
52.199135973808325        4.014978466455268E-6
52.5358382443178          1.9026850740451383E-5
52.658640217858185        2.4501977293707225E-5
53.0206842851348          4.064371369331418E-5
53.48001688033684         6.112305955508182E-5
53.631377513213664        6.7871474065942E-5
53.71772669790473         7.172135286149969E-5
53.842232596461294        6.874844735367297E-5
54.03868318577385         6.63703638583891E-5
54.08638770869818         6.786279048086781E-5
54.38002037419284         7.704903070191989E-5
54.47000447268176         7.986416553477825E-5
54.54408237935415         8.218167828325998E-5
55.049564287011705        9.799558040085936E-5
55.09777634890218         9.950388528011901E-5
55.176777778711326        1.0197542948257757E-4
55.383112128473925        1.0843055905704381E-4
55.68865697115599         1.1798946940130794E-4
55.72554822512265         1.1914360502995418E-4
55.770360860622645        1.2054555952297852E-4
56.06044538824956         1.2962079694928854E-4
56.35332010134308         1.3878332477819724E-4
56.8332315629578          4.281740015642955E-5
57.09005494625446         -8.43155170858823E-5
57.09875425162712         -4.110031276996082E-5
57.564091829307344        4.036098682668466E-5
57.57090980155148         4.041532488026219E-5
58.07783799331845         4.4455454453896166E-5
58.10016080818734         4.4633363408156274E-5
58.10252114931528         4.46521749166615E-5
58.1556266662241          4.5075416655345145E-5
58.15664743170453         4.508355197878389E-5
58.16796288632659         4.517373418515072E-5
58.22608557211308         4.563696188719743E-5
58.74716150314092         4.9789846473930304E-5
58.759552430840564        4.988860001375265E-5
58.765015971101825        4.9932143479894966E-5
59.32244442367909         5.43747513539394E-5
59.33869634005768         5.450427630252554E-5
59.35341689259909         5.462159654741774E-5
59.36206905587693         5.469055278471711E-5
59.371810735672796        5.476819227914433E-5
59.93023117697447         5.895512417698836E-5
60.49530917327201         6.274834777346282E-5
60.513774279463945        6.28809123849136E-5
60.544826743425695        6.310384410146542E-5
60.7616913367781          6.466075746351576E-5
61.439746739482615        6.952864991287202E-5
61.569377535697015        7.045929477109013E-5
61.57319317286252         7.048668797712296E-5
61.593151496581754        7.062997268947298E-5
61.59970298077546         7.067700707680458E-5
61.64176288731815         7.097896337807589E-5
61.642215422824236        7.098221221904691E-5
62.42461165638538         7.659918791701076E-5
62.704096788278925        2.7379886054998317E-5
63.2629222551679          -3.2268009905629875E-5
63.311068293955415        -3.299362376912092E-5
63.316174027437214        -3.3070572799425255E-5
63.54621155140336         -3.653749179648555E-5
64.1478313379178          -5.777714533931125E-5
64.22605151018132         -6.808254205455805E-5
64.23415086210636         -3.8818493400911484E-5
64.40556929253715         -1.1605790038795779E-5
64.50147109770033         -1.264527101382465E-5
64.52940626635424         -1.2948060688122837E-5
65.06967248698524         -1.8804013627135504E-5
65.56420040554792         -2.4164208486993722E-5
65.61607499378187         -2.4726477856896346E-5
65.71960229583212         -2.584861169686068E-5
65.90519411186409         -2.7860243924462935E-5
66.34240067000458         -3.259913177469813E-5
66.44132344358701         -3.367135706762202E-5
66.72283151855864         -3.672262693416493E-5
66.74071573674294         -3.691647421915614E-5
66.78696213799674         -3.741773959357323E-5
66.90236183755653         -3.866855851218362E-5
66.90979832530996         -3.8749162704443E-5
67.57623736162184         -4.597270451625873E-5
67.8814626315694          -4.178303453464957E-5
68.00119437953437         -3.355183278132859E-5
68.18378798989819         -2.300988242827606E-4
68.23992567755144         -3.709739285647544E-4
68.24578702004104         -3.118644093086154E-4
68.45930285975012         -1.839913608258082E-4
68.91933318108875         3.643329038785971E-6
68.9474451880633          5.4017006594433585E-6
69.17520916983227         1.9648058883282282E-5
69.50865246326526         4.0504528676354976E-5
69.67466434357362         5.0888368552856424E-5
70.10114761482768         7.756437505450495E-5
70.12010006673853         7.874982771929754E-5
70.13015743273465         7.937890364977919E-5
70.42999550605849         9.81334080640325E-5
70.55800206678039         1.0614006172728796E-4
71.06499096364477         1.3785159655415347E-4
71.18532666854335         1.4537844757702857E-4
71.43911353918564         1.612525056417847E-4
71.60735167029551         1.7177559478026298E-4
71.66482358357612         1.7537039259691992E-4
71.94065783102822         1.9237660174274847E-4
72.61859099185634         1.1480464257614305E-4
72.65582406412831         2.8550706459632048E-5
72.7415960770023          2.3730625995854032E-5
72.74222206254655         2.3695447846347815E-5
72.74515599598477         2.3530571276778422E-5
73.00262268791481         9.061863708147272E-6
73.46065535171302         -1.667793439809551E-5
73.55360404452802         -2.190131861580782E-5
73.70393714696378         -3.034950148837402E-5
73.73641346101788         -3.217455422599765E-5
74.3027197115697          -6.399894079814106E-5
74.36498602650954         -6.7498085077678E-5
74.76602653282802         -9.003512769699211E-5
74.81700285790747         -9.289981491135299E-5
75.14478407142637         -1.1131994719828845E-4
75.17636800849104         -1.130948515396237E-4
75.88377204215709         -1.5284842905837078E-4
75.89759225479703         -7.37871040277215E-5
75.96682401256396         1.054877609892875E-5
76.01074049649664         1.340198010866213E-5
76.05897286711378         1.991672640696284E-5
76.27091317706825         1.0250588855220158E-4
77.13655287323895         4.2601963986210013E-4
77.17566666241183         4.4063755620675856E-4
77.24426627187401         4.6627514779785825E-4
77.43144242568654         2.960272478924764E-4
77.50877279390073         6.524568044772352E-5
77.63205257658832         1.7221316526270863E-4
77.98246173997927         2.75808723172711E-4
78.061719872446           2.7844251127634814E-4
78.07320312046487         2.788241054557957E-4
78.32155624241601         2.8707700617104464E-4
78.45363468634089         2.914660401230464E-4
78.53320872125097         2.9411032582584367E-4
78.6774056159243          2.9890206206734094E-4
78.69887464075138         2.996154886953209E-4
78.79452421646678         3.027939728053323E-4
79.04512871484854         3.111216879054873E-4
79.37234949186936         3.2199540096096923E-4
79.49732184978322         3.261482960557187E-4
79.51584531246867         3.267638401536951E-4
79.6890043575615          3.325180034025238E-4
79.92203182322608         3.4026162475474475E-4
80.00668063907966         3.430745480125871E-4
80.0672933678144          2.2567759025588313E-4
80.29530148917138         9.495644746563433E-5
80.33608637244707         9.29333758776574E-5
80.34475556964391         1.361435742760793E-4
80.35308257428417         1.7952146524983825E-4
80.39567196242866         1.7817975114567858E-4
81.07394456036148         1.5681180126990158E-4
81.2199366051535          1.5221254323565084E-4
81.28636914993403         1.5011968662998566E-4
81.62614576317121         1.3941553956183718E-4
82.01205431391574         1.5320118542683995E-4
82.38589339304217         1.5919768128012091E-4
82.62847319240856         1.4625455721604578E-4
83.1359406795116          1.1917804605864365E-4
83.18139279054353         1.167528964229332E-4
83.37713922423804         1.0630862042368333E-4
83.67179879337857         9.058672037267255E-5
84.58134442982598         4.2056867329189465E-5
84.68456533936396         3.6549397038339846E-5
84.7422241345603          3.347294573625773E-5
85.57415307938352         -1.0915579497432297E-5
86.02674818014032         -3.506431139997311E-5
86.10730904488258         -3.9362728950760776E-5
87.45837503012126         -1.1145040777387776E-4
87.46194267242984         -1.11640763430601E-4
87.47215193045474         -1.1218549012904577E-4
87.4723939552049          -1.1219840363782095E-4
87.47650736538853         2.0041652968429661E-4
88.26863786380937         -8.179575944978335E-5
88.34539850252513         -9.612481450406166E-4
89.24473167498827         -4.964482616217791E-4
89.92961145823024         9.71677034237106E-5
90.42618967115092         9.357158724310221E-5
91.09966057403015         8.869445097758229E-5
91.4889005413342          8.587565605632041E-5
92.95458947307198         7.526144152759402E-5
93.04818962443817         7.458360869077803E-5
93.11605525141658         7.409213992932909E-5
93.54186363698355         7.100852412573243E-5
94.60747870754216         6.329156132390768E-5
94.8095183721138          6.182843207674957E-5
95.80592083168219         5.461269261474168E-5
96.16676779064613         4.364762251306868E-5
96.34370090519306         2.2767586905558235E-5
97.33351896443453         -4.731869046158816E-5
97.49983258972414         -5.909489798085221E-5
97.66261542838993         -7.062110027105058E-5
98.68104096121179         -5.289890266767253E-4
98.8215916204874          -9.173817341505338E-4
99.05981823375862         -9.210032946911669E-4
100.05540924243843        -9.361384345559969E-4
100.64279522218838        -9.450679737762867E-4
100.72235783361343        -4.93650074943272E-4
101.6193456155233         -5.752444965977063E-5
101.66807340946127        -5.842089017817314E-5
101.71776136863245        -5.933499476362767E-5
102.59551407058962        -7.548292643815824E-5
102.71316490365153        -7.76473374499317E-5
103.57168252565592        1.246737712533642E-5
103.80504623982962        1.130672620499248E-4
104.19571841564346        1.0417968614130128E-4
104.38234795507935        9.993396734908754E-5
104.91038246367616        8.792147434884224E-5
105.19301338450282        8.14917772309293E-5
105.2929070045702         7.921925262829659E-5
105.50201461968621        7.446217004754517E-5
106.00367881392629        6.304958711281596E-5
106.39009559349692        5.425881911508329E-5
106.46253074401552        5.261095950663121E-5
106.81434424334974        4.460739699442123E-5
107.19898299954275        -1.80054486198446E-4
107.55912278580708        -4.506677562180041E-4
108.04414985079923        -3.456486284635187E-4
108.12469272897751        -3.188835906681523E-4
108.20435572650632        -2.924109441973323E-4
108.44908106935497        -2.1108677005558576E-4
108.69650941234522        -1.288643675094526E-4
108.77346940973246        -1.0328994944301095E-4
108.84958866720555        -7.799491592411033E-5
109.3488689738912         8.791989344450047E-5
109.42224609048736        1.1230369178194585E-4
109.4948216079048         1.3642111234891477E-4
109.74663443086484        2.201005123943502E-4
110.00122853543715        3.0470415439829557E-4
110.07102277124228        3.2789733300673336E-4
110.140054548604          3.508371406217921E-4
110.65358809698311        3.151173330363117E-4
110.86262257698287        -3.925930057806946E-4
111.39574816184201        -7.29089282371501E-4
112.03329722337301        -5.604939845012353E-4
112.06719977355695        -5.515286971347921E-4
112.09554946142514        -5.440318245660073E-4
112.73865138527191        -3.739681118984545E-4
113.3284763458673         -2.1799311181940057E-4
113.41010299698688        -1.9640752666209865E-4
113.50771788603961        -1.7059396612310914E-4
114.0815546087018         -1.8846941425588895E-5
114.56140323030947        1.0804560092750144E-4
114.75300622041674        1.5871364381083572E-4
114.98213854870615        2.1930605225527972E-4
115.4244578321317         3.3627422904739483E-4
115.79433011475162        4.340843136743747E-4
116.09590944384662        5.138348142837055E-4
116.45655921137273        6.092060706337069E-4
116.7673610555616         6.913953995203795E-4
117.02725699919388        4.6029036000612303E-4
117.67848001770814        -1.326233293273951E-4
117.98869441826687        -3.676197211311124E-4
118.49004734154634        -2.1281875773605222E-4
118.86365032320037        -9.746269057882544E-5
119.30161466538455        3.776600552459173E-5
119.73860622813389        1.7269433997319536E-4
120.11318198922278        2.88350768785032E-4
120.61356213306745        4.428513705250938E-4
120.92474931306097        5.389355320455247E-4
121.48851803800099        5.144877945615684E-4
121.82194457693267        -1.9254924949822433E-4
122.2613614138224         -6.464255301155899E-4
122.66287514176167        -5.568846405793867E-4
122.8981495094463         -5.04416506362152E-4
123.15563390227094        -4.4699535243663684E-4
123.53493760507021        -3.624074826086771E-4
123.88152342278731        -2.851159723573556E-4
124.17172570069414        -2.2039845885505287E-4
124.48932322760928        -1.4957157774084527E-4
124.80851379631804        -7.83894351017157E-5
125.10017170381302        -1.3347304135496131E-5
125.44530189194194        6.361958865169918E-5
125.82301255294757        1.4785219695457268E-4
126.08208998756587        2.056286124050509E-4
126.31881998483867        2.584213640863236E-4
126.71887808318975        3.476376361582182E-4
127.1567018782859         4.4527597164991094E-4
127.35566617881368        4.896466599115976E-4
127.53746826586436        2.9843069559628654E-4
128.27436525442425        -1.8671018235010006E-4
128.51330176412424        -4.270992337310154E-4
129.07286585325392        -2.395075307810881E-4
129.35021143581827        -1.4652849379573509E-4
129.87136645208363        2.818671559904966E-5
130.18712110751235        1.3404224613945036E-4
130.66986705091335        2.958809619789196E-4
131.02403077920647        4.1461298607460784E-4
131.46836764974302        5.635752083589788E-4
131.8609404509005         5.004247820680122E-4
132.40661498459423        -1.6754727883029825E-4
132.6959238024078         -6.4720201078123E-4
132.95690597985555        -5.910072604226665E-4
133.72607800608182        -4.253889395884541E-4
134.14717848869904        -3.3471747409620956E-4
135.0455410275694         -1.412818184620723E-4
135.19900915452075        -1.0823702143269488E-4
135.33745099754256        -7.842768776903561E-5
136.36500404905698        1.4282530266432358E-4
136.52772350638608        1.7786209855787897E-4
137.68446707054457        4.2693242379011616E-4
137.70209450663367        4.307279679156789E-4
137.7179960152296         2.5564937207005347E-4
138.708456429085          7.050466764132306E-5
138.7300249771812         -1.457647085116424E-4
139.06428677595483        -3.57976457829657E-6
139.38134400751164        1.3128687246460904E-4
139.43942564668475        1.5599305976950146E-4
139.75313609912803        2.8943607735511115E-4
140.0326630378421         4.08338453440826E-4
140.09756076071466        4.3594399832176645E-4
140.17039486428456        4.6692544152142113E-4
140.44198542230123        5.824519192887349E-4
140.68398206817258        6.853900344173767E-4
140.90136408188434        7.778578232738706E-4
141.13083474547446        8.754677612227465E-4
141.33530109850304        9.699178521555867E-4
141.9469183557058         0.0013795314318719486
142.0746361352722         0.0014635056623535801
142.69831314789946        0.0018735722747095186
143.32004994574277        0.0022823631990291564
143.45205277039656        0.001926540682397688
143.9706183294118         0.002089393091972023
144.23419660146527        0.0023971417048314365
145.04269227961012        0.003341124763500781
145.10906916999204        0.0032817031644497693
145.1472934414309         0.0032491118566473263
146.15162504604453        0.005990367848180884
146.17188849384314        0.006045675574664749
146.67859351943378        0.0074286930770113
147.19418092209705        0.008835954433934898
147.19648354625537        0.008842239292682004
147.32783928847732        0.009200766012078304
148.2210785986676         0.011638803010698534
148.2367367981495         0.011681541019688048
148.74558839195623        0.013070417436517434
149.24567365107978        0.012171153982550996
149.2728259655397         0.010291372101172919
149.38863381459615        0.011931015440881333
150.28511058913244        0.024623610843940234
150.95686091716323        0.034134459722291954
151.32454752718508        0.03934028045149415
151.917455100646          0.047734849229074824
152.3639844652377         0.054056950059047315
152.64089586878674        0.05797754734340968
153.4034214032904         0.06877361966660121
153.82195592433152        0.09207232038953697
154.27810474534897        0.12544600704677072
154.37196267246702        0.15327437065379812
155.30337577032958        0.17395165797703363
155.43095310360093        0.17464123827516873
155.5530409273838         0.17530114670689437
156.4899435347348         0.180365287512584
157.46897266702086        0.1856571303784997
157.54893396586868        0.18608933674999883
157.62545461975645        0.18650294576633702
158.60792439700256        0.1918133859874134
159.63456956371218        0.19736260277996417
159.6669148281365         0.18600228317968923
159.87612950814568        0.16462367691945978
160.77838271096212        0.1513126199176486
160.9602938928701         0.14987543901764794
161.22431344975098        0.14778956468933022
161.4017553134568         0.14638769343158944
162.23176121397506        0.13983027010773885
162.74362859879284        0.13578628544952545
162.97019856021365        0.13399627992236376
162.99517170561478        0.13379898073928423
163.1210358405771         0.13280459694788854
163.5940209599675         0.1290677998338094
163.8939437770821         0.12669827345444942
164.26294374783473        0.12378300620971935
164.84031636769745        0.11922150046418498
164.9954073730379         0.11799621113177916
165.1620144094651         0.10466952703548607
166.02532378108987        0.08652841751926697
166.87631469929414        0.0815116501159956
167.76482834880622        0.07934278259941863
167.958102811564          0.07887099839634082
168.16523062841765        0.07836539806707207
168.99404012275974        0.07207943906351076
169.21910117930176        0.06693865214476243
169.43546513567384        0.06609462209550959
170.11932381345235        0.06342690755023433
171.02403388900697        0.059897657565932544
171.67799027938997        0.05734659104986912
171.79461356168557        0.05689164672203185
171.9559549906993         0.056262258091132736
172.52306487924125        0.05282659018557545
172.97884852737675        0.04916352030035482
173.17953083688735        0.04808932393501058
173.78552713186443        0.04484559498319539
174.52886306038275        0.040866725323025696
174.72141506173975        0.03983604822696301
175.40507438529994        0.036176610769356285
175.61194591971346        0.035734482648529325
175.64778859195798        0.03628020965068399
175.69820797162578        0.03611215228092769
176.40611534368           0.033592597063214984
176.82544561316422        0.032873963352149496
177.05153447362014        0.032572748120337905
177.58897136967903        0.031856727972754885
177.99210178332214        0.031319642595125416
178.529538679381          0.030603622447542812
178.94886894886528        0.030044954213850866
179.1749578093212         0.029709458028413425
179.63232583824424        0.028742539831065703
180.14158214408897        0.02770409514889423
180.423957977449          0.026887731353298996
180.88103148549277        0.025748406584572676
180.9655538441138         0.02558220637483655
180.99419421859764        0.02552588948633752
181.15548498779282        0.02520873601232101
181.1852264768889         0.02515025395140515
181.4093917333305         0.024709467474974954
182.00898494579272        0.023530459703618577
182.3597492274949         0.022840735728354097
182.4969588649272         0.022570934093720203
182.8324720033026         0.021911199144566695
182.96396365048497        0.02165264105772688
183.02377567298782        0.02111791763810416
183.19243513357407        0.02057926253726047
184.45493082998706        0.019669457156749802
185.06561625574287        0.019229372578457284
185.14719900868892        0.019170580752237182
185.31585846927513        0.01877916406758552
185.74713657320535        0.018014927330717634
185.80478348275227        0.017948848178064712
186.53493872295013        0.01711189022218029
186.64027855303632        0.016991141915507532
187.20958569242637        0.016338559952903325
187.30448376505075        0.01622978076115289
187.8592027385177         0.015593920833616303
187.96469863679755        0.015472993630033481
188.6521549624327         0.014684980329044126
188.80418404734928        0.014397484937738967
189.41235412585576        0.014065845245499402
189.58167271126266        0.014005038094268518
190.63449474327226        0.013626939562641046
190.92760738305034        0.013521674422539444
191.53577746155682        0.013135834891995653
192.23183143977712        0.012498777990873199
192.42585441231225        0.012367870402184369
192.65686778119675        0.012212005337958012
192.75417019617188        0.012146355253580987
193.46217833337684        0.011668661108384618
193.83009059659412        0.011420430156154812
193.87509794301053        0.011390063632460878
193.97256293078692        0.011324303859972618
194.1698696185734         0.011191180743710456
194.9066139138881         0.010694098269816803
195.09332810482428        0.010568121926963705
195.16816955492135        0.010517626289059733
195.19095566540196        0.010502252466364204
195.23074010287314        0.010475409847118405
195.2343267808759         0.010341566814418272
195.40450556589153        0.010177958805119233
195.47381159416128        0.010164851363254191
195.48009304772427        0.010163663388853402
197.35775011657697        0.009808553141060274
197.52792890159256        0.009731754748966044
199.4055859704453         0.009125007600054552
199.41044923246346        0.00884060626623892
199.46417790174556        0.008820815521786199
199.6554964216999         0.00875034409585868
199.8119268462631         0.00869272356293773
200.97048607451802        0.008265972818388213
201.11015778082245        0.00821452529356226
201.17702250587044        0.008189895934525267
201.6609235978756         0.0080116528665274
201.81472555771967        0.007955000518269412
202.6717299857645         0.007639326300818287
202.7561376598994         0.007608235065338702
202.93710171460154        0.007541577666047086
203.91626122530587        0.0071809081033396
203.97395469373936        0.007159656940680692
204.372973897011          0.007012679783248538
204.40211753897634        0.007015441741234441
204.46799013980612        0.007012982931022101
204.79031050286875        0.006934910233550104
205.07456606532818        0.00686605762268282
205.8753241765961         0.006672097349198784
206.4903963120813         0.006523114082051729
206.59229634423045        0.006498431774341596
206.69430716195683        0.006473722632059892
207.34853081421585        0.006315256053043913
208.3132666228569         0.006081576969871042
208.39428218559215        0.006033602879847076
208.9656616583843         0.005967424334930084
209.01039975126923        0.0059921124108613475
209.58177922406142        0.005945169336421678
209.69122909094068        0.005936177215610591
211.08908499408537        0.005821332953886344
211.13382308697035        0.0058176573867289895
211.7052025597625         0.0057707143122892775
211.81465242664183        0.005761722191478147
213.21250832978643        0.005646877929753349
213.25724642267133        0.005451038846176215
213.77382893398936        0.005237334578153131
214.17598536552396        0.005181438068605557
214.2726993231238         0.005161443241487125
214.4257625230987         0.005129798665071832
214.63042017640882        0.005087487353468471
215.1624158454659         0.00497750155933345
215.3035092013359         0.004948331651202303
215.49269528551855        0.004909218961159125
215.63321050013428        0.004880168579047984
216.14884632540785        0.004779015986868572
217.04507887840262        0.004630019049845167
217.1512587108735         0.004611721065338725
217.27289997854191        0.00459075860966946
217.46736803822938        0.004557245903345249
217.52483503472718        0.004547342608274267
217.66613263927502        0.0045229927734831855
217.9485959727945         0.004474315830036435
218.21574010393468        0.0044282788467521995
218.97002641341837        0.004298292587750326
219.18341895314214        0.004261518623290338
220.27689134436787        0.0042760997051548635
220.4173632719888         0.004465360598916694
220.6753486401515         0.004440092394175527
220.93473195047477        0.004414687268921977
220.98936948991823        0.004409335831578615
221.43890815008118        0.004365306067468211
222.1018562871514         0.004300374054541777
223.26269042607098        0.003934853209514772
223.4272239885009         0.0036750682549626284
223.49362430324547        0.003671855363435192
223.65815786567543        0.003647063886299136
223.9745595947579         0.003603802562658674
224.9336610130276         0.0035236826229641076
225.09176804290038        0.003510474920986568
225.12838009387588        0.003507416479761914
225.4511915507868         0.003480449952585672
225.5788449903677         0.003469786235812565
225.77754319911034        0.0034562536821403102
226.26562571806238        0.003430178658313927
226.3991281620237         0.003422207881540916
226.44740099906628        0.0034193257469758128
227.1913595281374         0.003374907628567887
227.4550667948582         0.003359162959825556
227.4810138145718         0.0033576137904176738
227.64687592076388        0.003347710976773716
227.68876151598914        0.003345210193120319
227.71703752424568        0.003343521971218464
228.0570213746908         0.0033232232014136906
228.644507871654          0.003299776490281708
228.82729948576593        0.0032973356220251096
228.9282417489792         0.003289565749966035
229.3454863678523         0.003257449001215125
229.87670606997827        0.003216559199566052
229.96243547073797        0.0032099603136841862
230.18233197575486        0.0031930341258236588
230.28985577807376        0.003184757650136202
230.37992241945085        0.003177824911974736
230.57438060854608        0.003162856798500652
230.61436274158035        0.0031772155443230456
231.43094103350518        0.003086116651013463
231.7170288813036         0.003048091390770639
232.00122413293815        0.003010317684245153
232.12150875785696        0.002994330097911192
232.67500988141126        0.002919037719859959
233.25923759586317        0.0028604724580963527
233.48463642183913        0.0028385427249681184
233.61608963772616        0.002825753244229831
234.0009351886369         0.0027883104572475246
234.09120732758876        0.0027795276079688753
234.27940496940312        0.002761217290501653
235.14423582735574        0.0026770752820689083
235.50032655573372        0.0026424301386927798
235.50740477376624        0.0026417414774639447
235.60949969627055        0.002631808353834847
236.03318217785358        0.00259058700446883
236.0964353689617         0.0025844329103003787
236.67238201698532        0.002528397319908211
236.85176550935478        0.0025109445576844205
236.9236022199437         0.0025039553469589186
237.959761796678          0.0024407018557569826
238.08607712382172        0.002479678973896701
238.19502933273222        0.0024809033618368543
238.52958437516372        0.0024846630392528794
239.74863008994748        0.002498362484969261
240.08318513237907        0.0025021221623852162
240.20950045952281        0.0025035416743414804
240.31845266843328        0.0024801367208355544
240.53257818896955        0.002371693902338044
241.47727635440987        0.002259311848879801
241.5645191900772         0.002254587146175822
241.68198353338718        0.002248225774537533
241.8412855763847         0.002239598650172018
242.7591397180097         0.0021898915548946977
242.8477354793004         0.002185093583465587
243.00720728613504        0.0021764572654093413
243.1499929637999         0.0021687245974809544
244.04100308160952        0.002120471260909974
244.12959819534595        0.0021156733245496014
244.33243103888287        0.0021046887562812017
244.45870035121507        0.002097850544789755
245.3228664452093         0.0019046304616615372
245.49395054977614        0.0018188210704912513
245.9108211167729         0.0018733793123313941
245.94677775571267        0.0018723561784376097
246.14803934734405        0.0018666293485116944
247.41611229384574        0.0018305467654448572
247.61737388547718        0.001824819935519056
248.034244452474          0.0018129580257580454
248.0702010914137         0.00195430891351531
248.21455337565922        0.002017270946199766
249.2823927594654         0.0018401456846345113
249.35966240439072        0.0018176031727501118
249.39592947199495        0.001816057810366194
249.41337093947374        0.0018153146185521725
250.32547643404342        0.0017764492342082743
250.5304511802502         0.001767715132353175
250.9288893734395         0.001750737432286819
251.02433523642742        0.0017466704244997085
251.2919317907492         0.0017352679683203002
252.333847715113          0.0016908712805513916
252.65274100085986        0.001677283038633002
252.89184100209337        0.0016670948383646334
252.93348436971627        0.0016653203884817286
253.17049264202458        0.0016552213180882395
254.01941150650225        0.001619048355485409
254.28114676529236        0.0015942992400333695
255.14914689676866        0.001576595153433062
255.24891452097083        0.0015905319494357055
256.11771526492436        0.00154679207578687
256.7004023109099         0.0015174566292583808
256.8649472042814         0.0015091725976254637
257.1133864928626         0.0014966648929905827
257.8447812887191         0.001459842737645076
258.5297907605911         0.0014253558567850697
258.5807475117941         0.0014227904332691755
258.63661164438366        0.0014199779470714265
259.5718473125139         0.0013771116280787677
260.12397111540594        0.0013632897503299138
260.46871506616833        0.0013520255782478367
261.0208388690604         0.0013561168932846694
261.38176729752547        0.001360298776038468
262.02430113017334        0.0013283445576229183
262.09135258499435        0.0013250099832805855
262.4837295187369         0.001305496461027073
262.518137010829          0.0013037853223109887
262.6378831819581         0.0012978301568204599
263.2143944109546         0.0012691593463598576
263.45214117081395        0.0012573358259378596
263.65450672413255        0.001247271868583478
263.7615034330541         0.001241950753907668
263.9166570164722         0.0012342347220964886
263.9466201684135         0.001232744607408519
264.79087643743617        0.0011907584148558004
264.9338386773341         0.0011836486777388102
265.0467347527351         0.0011780341782862726
265.4095108180901         0.0011599927537895044
265.4468311590339         0.0011581367545171598
265.498705735935          0.0011392164642505679
266.2853555747796         0.0011264430232056058
267.4589580892043         0.001115045996803761
267.5122240615645         0.001113912299626463
267.58842680241247        0.001112290423062988
268.4087789104807         0.001094830291799213
269.5823814249054         0.0010618117391068354
269.6301889388316         0.0010525277076814726
269.6951210401123         0.0010508379903790117
270.36020572167416        0.001033530602017258
270.9209948740454         0.0010189372789140617
271.4633706876274         0.001004823123071992
271.54416953882986        0.0010027205079678999
271.62771146334734        0.0010005465103218821
271.8097958719549         9.95808157955905E-4
272.13543301959913        9.873341564705978E-4
272.2596083231853         9.841027631401996E-4
272.8952172050207         9.6756241862598E-4
273.3932180375474         9.546030255563121E-4
273.4968832894877         9.519053618983286E-4
273.59822177232525        9.492682473668015E-4
274.11132277705997        9.359159050198359E-4
274.13584307541674        9.352778173624574E-4
274.162722946694          9.345783269303124E-4
274.9368352214652         9.144337315925533E-4
275.1825938896946         9.080383945290585E-4
275.24226653626494        8.703899739898376E-4
276.5291476614819         8.306722760367601E-4
276.8071687298888         8.20840957831054E-4
276.86949860831805        8.029688857556493E-4
277.1811622316608         7.969122350335298E-4
277.5378597653781         7.899804271056923E-4
277.96589125875914        7.816623653903653E-4
278.4829618457101         7.716139808206562E-4
278.8202630936367         7.650591066109943E-4
278.9284456506908         7.629567632086221E-4
279.29044112949333        7.559219987579256E-4
279.55279544311645        7.508235903328324E-4
280.4191029957764         7.3398838124416E-4
280.45936395561256        7.332059781877981E-4
280.5444679959081         7.315521263793234E-4
280.6815283441393         7.288885923801704E-4
281.56773112085483        7.116667535596519E-4
281.773713529098          7.076638369271694E-4
282.0467148223225         7.023585226206817E-4
282.09846481758854        7.013528497646931E-4
282.35524414584273        6.963627816675873E-4
283.58266679859315        6.725099167864477E-4
283.7375656795644         6.480123270230255E-4
284.1175076057887         6.209910729270769E-4
284.16750868555914        6.202628064603837E-4
284.3778147948391         6.171996948669474E-4
285.79306043927267        5.965866211150459E-4
286.12954049020664        5.916857841944773E-4
286.22300344526735        5.903244948710959E-4
286.61611156474873        5.639934073762209E-4
287.01265894741726        5.327097688652923E-4
287.6881033707961         5.14521488859593E-4
287.7707264009704         5.122966265974656E-4
287.81333504504266        5.111492665449839E-4
288.43048998896114        4.945305980973396E-4
288.76046276984874        4.8564513376402204E-4
288.9072958977635         5.001153805718511E-4
288.9438755726436         5.176270828452919E-4
288.9845127348916         5.166134243742102E-4
289.014825160223          5.15857307435517E-4
289.0220888358865         5.156761213988912E-4
289.06339615742297        5.146457463904811E-4
289.2485525372124         5.100271824340981E-4
290.2615158639235         4.8475969818534653E-4
290.5937848614573         4.7647153864378204E-4
290.61548384217275        4.965253176785315E-4
290.6715001547172         5.153967294153106E-4
290.6992982900158         5.145413770916139E-4
291.0540500500591         5.036256182095875E-4
291.15752046589716        5.004418197399955E-4
291.5814114949778         4.8739863634572345E-4
292.0607537858508         4.726492102443197E-4
292.100538807719          4.7142501982515853E-4
292.1667077389039         4.6938899300403365E-4
292.4913228352384         4.594005432763039E-4
292.72641989705676        4.5216657538740986E-4
292.9244428573208         4.460733825387656E-4
293.35896702012315        4.3270301620438077E-4
293.401234175499          4.3140245020676125E-4
293.4222092816859         4.3075704339712594E-4
293.9041177549688         4.1592865552138737E-4
294.29531932821635        4.061212956624697E-4
294.33832426315234        3.674175447165338E-4
294.3804735476588         3.2627224983878715E-4
295.13114792860904        3.1614450456649603E-4
295.17403522242375        3.155658893929996E-4
295.57458782563623        3.101618222815656E-4
295.67297515018726        3.088344268270401E-4
296.36741149109287        2.9946541870956974E-4
296.441135509008          2.984707689748212E-4
296.8108513881201         2.9348273642456913E-4
296.96547675271574        2.9139660381501044E-4
297.6036750535768         2.82786332852853E-4
297.70823579559226        2.8137564855682754E-4
298.04711495060394        2.768036505678398E-4
298.2579783552442         2.739587808032177E-4
298.83993861606064        2.4775021162916035E-4
299.24986622356244        2.2498116439436942E-4
299.6925733016483         2.2021635020099965E-4
300.293750376769          2.137459384952557E-4
300.6216484629088         2.1021680256731268E-4
300.8776127178858         2.2458597358254934E-4
301.28053790009386        2.4026423371895493E-4
301.4963741717317         2.3948974125307767E-4
301.84123897765414        2.457697489244771E-4
302.5423467133771         2.3447150977241193E-4
302.7670557919496         2.28440957499835E-4
303.12196120960175        2.1891630595229447E-4
304.03306043040914        1.9043867552326365E-4
304.20149220944177        1.8027801569317302E-4
304.9360286816179         1.5352595919191392E-4
305.37938735999705        1.3737869235954048E-4
306.71657801692663        8.867777502972725E-5
306.93995471665653        8.054232319226824E-5
307.1416037263356         7.31982008720055E-5
307.2138150798525         7.056823996129485E-5
307.4118056584391         6.335735888772262E-5
307.7136789076357         5.2363037265017176E-5
308.567901819198          5.30065862661585E-5
309.3809707870598         6.386311671095703E-5
309.61562471828034        5.783186954297236E-5
309.80587298736714        5.294196921964028E-5
310.2308016705655         4.202014104566502E-5
310.728269833764          2.923385003896517E-5
311.3859487233401         9.594876274122406E-6
312                       0
